3712.000000
559.600000
183.600000
81.610000
42.240000
24.560000
15.768000
10.420000
7.279500
5.379000
4.250500
3.329500
2.604800
2.065100
1.699000
1.438900
1.223300
1.050100
0.917370
0.823000
0.750710
0.685360
0.626700
0.574410
0.528240
0.487880
0.453060
0.423500
0.398910
0.379000
0.362160
0.346900
0.333100
0.320660
0.309480
0.299460
0.290480
0.282450
0.275260
0.268800
0.262910
0.257470
0.252440
0.247800
0.243520
0.239570
0.235910
0.232510
0.229350
0.226400
0.223610
0.220980
0.218490
0.216150
0.213940
0.211860
0.209920
0.208090
0.206390
0.204800
0.203290
0.201830
0.200430
0.199060
0.197740
0.196470
0.195240
0.194050
0.192890
0.191780
0.190700
0.189650
0.188630
0.187650
0.186700
0.185770
0.184870
0.183990
0.183130
0.182300
0.181490
0.180690
0.179920
0.179170
0.178430
0.177720
0.177020
0.176340
0.175670
0.175030
0.174390
0.173770
0.173170
0.172580
0.172000
0.171440
0.170890
0.170350
0.169820
0.169300
0.168790
0.168280
0.167780
0.167290
0.166800
0.166320
0.165840
0.165360
0.164900
0.164430
0.163980
0.163520
0.163080
0.162630
0.162190
0.161760
0.161330
0.160900
0.160480
0.160070
0.159650
0.159250
0.158840
0.158440
0.158050
0.157650
0.157270
0.156880
0.156500
0.156120
0.155750
0.155380
0.155010
0.154650
0.154290
0.153930
0.153570
0.153220
0.152870
0.152530
0.152180
0.151840
0.151500
0.151170
0.150830
0.150500
0.150170
0.149850
0.149520
0.149200