3781.000000
586.900000
295.800000
133.100000
191.700000
117.100000
77.919000
53.230000
38.014000
28.510000
22.644000
17.813000
13.968000
11.057000
9.032000
7.557400
6.326100
5.329000
4.557000
4.001000
3.570400
3.180000
2.828300
2.513800
2.235300
1.991200
1.780100
1.600700
1.451500
1.331000
1.229300
1.136700
1.052900
0.977320
0.909340
0.848480
0.794190
0.745950
0.703230
0.665500
0.631410
0.599890
0.570800
0.544010
0.519400
0.496810
0.476140
0.457230
0.439960
0.424200
0.409550
0.395720
0.382710
0.370520
0.359160
0.348620
0.338910
0.330040
0.322000
0.314800
0.308140
0.301720
0.295540
0.289590
0.283870
0.278370
0.273090
0.268030
0.263180
0.258550
0.254120
0.249890
0.245860
0.242020
0.238380
0.234920
0.231650
0.228560
0.225640
0.222900
0.220280
0.217750
0.215300
0.212940
0.210650
0.208440
0.206320
0.204270
0.202300
0.200410
0.198590
0.196840
0.195180
0.193580
0.192060
0.190610
0.189230
0.187920
0.186670
0.185500
0.184370
0.183260
0.182170
0.181100
0.180040
0.179010
0.177990
0.177000
0.176020
0.175050
0.174110
0.173180
0.172270
0.171380
0.170500
0.169640
0.168790
0.167960
0.167150
0.166350
0.165560
0.164790
0.164030
0.163290
0.162560
0.161840
0.161140
0.160450
0.159770
0.159110
0.158460
0.157820
0.157190
0.156570
0.155960
0.155360
0.154780
0.154200
0.153640
0.153080
0.152540
0.152000
0.151470
0.150950
0.150440
0.149940
0.149440
0.148950
0.148470
0.148000
