4078.000000
617.300000
192.900000
82.780000
42.580000
24.640000
15.756000
10.370000
7.225800
5.329000
4.206100
3.290400
2.570500
2.035200
1.673000
1.416300
1.203600
1.032900
0.902250
0.809600
0.738810
0.674860
0.617470
0.566350
0.521230
0.481810
0.447820
0.418980
0.395000
0.375600
0.359200
0.344330
0.330890
0.318790
0.307910
0.298160
0.289420
0.281600
0.274600
0.268300
0.262550
0.257240
0.252330
0.247800
0.243610
0.239750
0.236170
0.232860
0.229780
0.226900
0.224190
0.221630
0.219220
0.216940
0.214800
0.212780
0.210890
0.209120
0.207460
0.205900
0.204420
0.202990
0.201610
0.200270
0.198970
0.197720
0.196500
0.195330
0.194190
0.193090
0.192020
0.190990
0.189980
0.189010
0.188060
0.187150
0.186250
0.185380
0.184530
0.183700
0.182890
0.182100
0.181330
0.180580
0.179850
0.179130
0.178430
0.177750
0.177090
0.176440
0.175810
0.175190
0.174580
0.173990
0.173410
0.172850
0.172290
0.171750
0.171220
0.170700
0.170190
0.169680
0.169180
0.168680
0.168190
0.167710
0.167230
0.166750
0.166280
0.165820
0.165360
0.164900
0.164450
0.164010
0.163570
0.163130
0.162700
0.162270
0.161850
0.161430
0.161020
0.160610
0.160200
0.159800
0.159400
0.159010
0.158620
0.158230
0.157850
0.157470
0.157090
0.156720
0.156350
0.155980
0.155620
0.155260
0.154900
0.154550
0.154200
0.153850
0.153500
0.153160
0.152820
0.152480
0.152140
0.151810
0.151480
0.151150
0.150820
0.150500
